WARNING:  Option 'mip_integral_gap_abs' deprecated, please use 'mip_opt_gap_abs'.
WARNING:  Option 'mip_integral_gap_rel' deprecated, please use 'mip_opt_gap_rel'.
WARNING:  Option 'mip_integral_gap_abs' deprecated, please use 'mip_opt_gap_abs'.
WARNING:  Option 'mip_integral_gap_rel' deprecated, please use 'mip_opt_gap_rel'.
WARNING:  Option 'mip_integral_gap_abs' deprecated, please use 'mip_opt_gap_abs'.
WARNING:  Option 'mip_integral_gap_rel' deprecated, please use 'mip_opt_gap_rel'.
Building real D=20 context at W=800000...
diffPreStep = diff = 1.4854166091639391
diffPreStep = diff = 1.7072681224306052e-7
diffPreStep = diff = 1.7072621538716248e-7
diffPreStep = diff = 1.7072524549632817e-7
diffPreStep = diff = 1.707242773818507e-7
diffPreStep = diff = 1.7072330749101639e-7
diffPreStep = diff = 1.707223393765389e-7
diffPreStep = diff = 1.7072137126206144e-7
diffPreStep = diff = 1.707203995948703e-7
diffPreStep = diff = 1.7071943148039281e-7
diffPreStep = diff = 1.707184615895585e-7
diffPreStep = diff = 1.707174970277947e-7
diffPreStep = diff = 1.7071653068967407e-7
diffPreStep = diff = 1.7071555902248292e-7
diffPreStep = diff = 1.7071458735529177e-7
diffPreStep = diff = 1.7071361746445746e-7
diffPreStep = diff = 1.7071265290269366e-7
diffPreStep = diff = 1.707116812355025e-7
diffPreStep = diff = 1.7071071312102504e-7
diffPreStep = diff = 1.7070974323019072e-7
diffPreStep = diff = 1.707087733393564e-7
diffPreStep = diff = 1.707078034485221e-7
diffPreStep = diff = 1.707068388867583e-7
diffPreStep = diff = 1.7070586721956715e-7
diffPreStep = diff = 1.7070489910508968e-7
diffPreStep = diff = 1.707039256615417e-7
diffPreStep = diff = 1.7070295754706422e-7
diffPreStep = diff = 1.7070199120894358e-7
diffPreStep = diff = 1.7070101954175243e-7
diffPreStep = diff = 1.7070005142727496e-7
diffPreStep = diff = 1.7069908331279748e-7
diffPreStep = diff = 1.7069811697467685e-7
diffPreStep = diff = 1.7069714886019938e-7
diffPreStep = diff = 1.7069617541665139e-7
diffPreStep = diff = 1.706952108548876e-7
diffPreStep = diff = 1.706942374113396e-7
diffPreStep = diff = 1.706932728495758e-7
diffPreStep = diff = 1.7069230118238465e-7
diffPreStep = diff = 1.7069133484426402e-7
diffPreStep = diff = 1.706903649534297e-7
diffPreStep = diff = 1.7068939683895223e-7
diffPreStep = diff = 1.7068842872447476e-7
diffPreStep = diff = 1.7068745528092677e-7
diffPreStep = diff = 1.7068649071916298e-7
diffPreStep = diff = 1.706855226046855e-7
diffPreStep = diff = 1.706845527138512e-7
diffPreStep = diff = 1.7068358282301688e-7
diffPreStep = diff = 1.706826147085394e-7
diffPreStep = diff = 1.7068164659406193e-7
diffPreStep = diff = 1.7068067670322762e-7
diffPreStep = diff = 1.7067971214146382e-7
diffPreStep = diff = 1.7067873869791583e-7
diffPreStep = diff = 1.7067777058343836e-7
diffPreStep = diff = 1.7067680246896089e-7
diffPreStep = diff = 1.7067583435448341e-7
diffPreStep = diff = 1.7067486268729226e-7
diffPreStep = diff = 1.7067389634917163e-7
diffPreStep = diff = 1.70672930011051e-7
diffPreStep = diff = 1.7067195834385984e-7
diffPreStep = diff = 1.7067099022938237e-7
diffPreStep = diff = 1.7067002389126174e-7
diffPreStep = diff = 1.706690486713569e-7
diffPreStep = diff = 1.7066808588594995e-7
diffPreStep = diff = 1.7066711599511564e-7
diffPreStep = diff = 1.7066614432792448e-7
diffPreStep = diff = 1.7066517798980385e-7
diffPreStep = diff = 1.7066420809896954e-7
diffPreStep = diff = 1.7066323998449207e-7
diffPreStep = diff = 1.7066227009365775e-7
diffPreStep = diff = 1.7066130375553712e-7
diffPreStep = diff = 1.706603338647028e-7
diffPreStep = diff = 1.7065936752658217e-7
diffPreStep = diff = 1.7065839763574786e-7
diffPreStep = diff = 1.706574295212704e-7
diffPreStep = diff = 1.7065645963043607e-7
diffPreStep = diff = 1.7065548973960176e-7
diffPreStep = diff = 1.7065452517783797e-7
diffPreStep = diff = 1.7065355173428998e-7
diffPreStep = diff = 1.706525836198125e-7
diffPreStep = diff = 1.7065161728169187e-7
diffPreStep = diff = 1.706506491672144e-7
diffPreStep = diff = 1.7064967750002324e-7
diffPreStep = diff = 1.7064870760918893e-7
diffPreStep = diff = 1.7064773949471146e-7
diffPreStep = diff = 1.7064677315659083e-7
diffPreStep = diff = 1.7064580504211335e-7
diffPreStep = diff = 1.7064483515127904e-7
diffPreStep = diff = 1.7064387058951525e-7
diffPreStep = diff = 1.7064289536961041e-7
diffPreStep = diff = 1.7064192903148978e-7
diffPreStep = diff = 1.7064095736429863e-7
diffPreStep = diff = 1.7063998924982116e-7
diffPreStep = diff = 1.7063902291170052e-7
diffPreStep = diff = 1.706380530208662e-7
diffPreStep = diff = 1.706370831300319e-7
diffPreStep = diff = 1.7063611679191126e-7
diffPreStep = diff = 1.7063514690107695e-7
diffPreStep = diff = 1.7063418056295632e-7
diffPreStep = diff = 1.7063321422483568e-7
diffPreStep = diff = 1.7063224433400137e-7
diffPreStep = diff = 1.7063127444316706e-7
diffPreStep = diff = 1.7063030988140326e-7
diffPreStep = diff = 1.7062933999056895e-7
diffPreStep = diff = 1.7062837187609148e-7
diffPreStep = diff = 1.7062740198525717e-7
diffPreStep = diff = 1.7062643564713653e-7
diffPreStep = diff = 1.7062546575630222e-7
diffPreStep = diff = 1.706244958654679e-7
diffPreStep = diff = 1.706235259746336e-7
diffPreStep = diff = 1.7062255786015612e-7
diffPreStep = diff = 1.7062158974567865e-7
diffPreStep = diff = 1.7062062163120117e-7
diffPreStep = diff = 1.706196535167237e-7
diffPreStep = diff = 1.706186836258894e-7
diffPreStep = diff = 1.7061771728776876e-7
diffPreStep = diff = 1.7061674739693444e-7
diffPreStep = diff = 1.706157810588138e-7
diffPreStep = diff = 1.706148111679795e-7
diffPreStep = diff = 1.7061384127714518e-7
diffPreStep = diff = 1.706128767153814e-7
diffPreStep = diff = 1.7061190504819024e-7
diffPreStep = diff = 1.706109387100696e-7
diffPreStep = diff = 1.706099652665216e-7
diffPreStep = diff = 1.7060900070475782e-7
diffPreStep = diff = 1.7060803259028035e-7
diffPreStep = diff = 1.7060706447580287e-7
diffPreStep = diff = 1.7060609458496856e-7
diffPreStep = diff = 1.7060512469413425e-7
diffPreStep = diff = 1.7060416013237045e-7
diffPreStep = diff = 1.706031884651793e-7
diffPreStep = diff = 1.7060222035070183e-7
diffPreStep = diff = 1.7060125223622435e-7
diffPreStep = diff = 1.7060028412174688e-7
diffPreStep = diff = 1.705993195599831e-7
diffPreStep = diff = 1.7059834966914877e-7
diffPreStep = diff = 1.705973815546713e-7
diffPreStep = diff = 1.7059641344019383e-7
diffPreStep = diff = 1.7059544354935952e-7
diffPreStep = diff = 1.705944736585252e-7
diffPreStep = diff = 1.7059350732040457e-7
diffPreStep = diff = 1.705925392059271e-7
diffPreStep = diff = 1.7059156931509278e-7
diffPreStep = diff = 1.7059060830604267e-7
diffPreStep = diff = 1.7058963663885152e-7
diffPreStep = diff = 1.7058866319530352e-7
diffPreStep = diff = 1.7058769863353973e-7
diffPreStep = diff = 1.705867322954191e-7
diffPreStep = diff = 1.7058576240458478e-7
diffPreStep = diff = 1.705847942901073e-7
diffPreStep = diff = 1.7058382262291616e-7
diffPreStep = diff = 1.7058285806115236e-7
diffPreStep = diff = 1.705818863939612e-7
diffPreStep = diff = 1.7058092005584058e-7
diffPreStep = diff = 1.7057994838864943e-7
diffPreStep = diff = 1.7057898382688563e-7
diffPreStep = diff = 1.7057801571240816e-7
diffPreStep = diff = 1.7057704937428753e-7
diffPreStep = diff = 1.7057607948345321e-7
diffPreStep = diff = 1.7057511136897574e-7
diffPreStep = diff = 1.7057414325449827e-7
diffPreStep = diff = 1.705731751400208e-7
diffPreStep = diff = 1.7057220524918648e-7
diffPreStep = diff = 1.705712406874227e-7
diffPreStep = diff = 1.7057027079658837e-7
diffPreStep = diff = 1.7056930445846774e-7
diffPreStep = diff = 1.7056833456763343e-7
diffPreStep = diff = 1.705673682295128e-7
diffPreStep = diff = 1.7056640011503532e-7
diffPreStep = diff = 1.7056543200055785e-7
diffPreStep = diff = 1.7056445678065302e-7
diffPreStep = diff = 1.7056349399524606e-7
diffPreStep = diff = 1.705625258807686e-7
diffPreStep = diff = 1.7056155421357744e-7
diffPreStep = diff = 1.705605878754568e-7
diffPreStep = diff = 1.70559623313693e-7
diffPreStep = diff = 1.7055865519921554e-7
diffPreStep = diff = 1.7055768353202438e-7
diffPreStep = diff = 1.7055671364119007e-7
diffPreStep = diff = 1.7055574907942628e-7
diffPreStep = diff = 1.705547809649488e-7
diffPreStep = diff = 1.7055381285047133e-7
diffPreStep = diff = 1.7055284473599386e-7
diffPreStep = diff = 1.7055187839787322e-7
diffPreStep = diff = 1.7055090495432523e-7
diffPreStep = diff = 1.7054994039256144e-7
diffPreStep = diff = 1.7054897583079764e-7
diffPreStep = diff = 1.7054800238724965e-7
diffPreStep = diff = 1.7054703782548586e-7
diffPreStep = diff = 1.705460661582947e-7
diffPreStep = diff = 1.705451015965309e-7
diffPreStep = diff = 1.7054412815298292e-7
diffPreStep = diff = 1.705431671439328e-7
diffPreStep = diff = 1.7054219902945533e-7
diffPreStep = diff = 1.7054122736226418e-7
diffPreStep = diff = 1.705402592477867e-7
diffPreStep = diff = 1.7053929113330923e-7
diffPreStep = diff = 1.705383247951886e-7
diffPreStep = diff = 1.705373549043543e-7
diffPreStep = diff = 1.7053638501351998e-7
diffPreStep = diff = 1.705354168990425e-7
-9999999999999999999 = -9999999999999999999
κ = 0.0203135174923732
κ_upper = 0.0203135174923732
κ_lower = 0.0203135174923732
θ_initial = [0.11432339572008998, 2.5, 0.29580417865615743, 0.3925447846533658, 0.45465685915845505, 0.47862991260650284, 0.5343741462438772, 0.15789491038498696, 0.3051122332232121, 0.49122557759796903, 0.3639632204625862, 0.467466660621516, 0.3250308807177549, 0.4028070171619334, 0.263027569102244, 0.3340373761583556, 0.6375298037106498, 0.5070178144327654, 0.48592188547590986, 0.6055595367531774, 0.1920355143861329, 0.1581151783216713, 0.3877407813915086, 1.0, 1.0, 1.0, 1.0, 1.0, 1.0, 1.0, 1.0, 1.0, 1.0, 1.0, 1.0, 1.0, 1.0, 1.0, 1.0, 1.0, 1.0, 1.0, 1.0, 1.0, 1.0, 1.0, 1.0, 1.0, 1.0, 1.0, 1.0, 1.0, 1.0, 1.0, 1.0, 1.0, 1.0, 1.0, 1.0, 1.0, 1.0, 1.0, 1.0, 1.0, 1.0, 1.0, 1.0, 1.0, 1.0, 1.0, 1.0, 1.0, 1.0, 1.0, 1.0, 1.0, 1.0, 1.0, 1.0, 1.0, 1.0, 1.0, 1.0, 1.0, 1.0, 1.0, 1.0, 1.0, 1.0, 1.0, 1.0, 1.0, 1.0, 1.0, 1.0, 1.0, 1.0, 1.0, 1.0, 1.0, 1.0, 1.0, 1.0, 1.0, 1.0, 1.0, 1.0, 1.0, 1.0, 1.0, 1.0, 1.0, 1.0, 1.0, 1.0, 1.0, 1.0, 1.0, 1.0, 1.0, 1.0, 1.0, 1.0, 1.0, 1.0, 1.0, 1.0, 1.0, 1.0, 1.0, 1.0, 1.0, 1.0, 1.0, 1.0, 1.0, 1.0, 1.0, 1.0, 1.0, 1.0, 1.0, 1.0, 1.0, 1.0, 1.0, 1.0, 1.0, 1.0, 1.0, 1.0, 1.0, 1.0, 1.0, 1.0, 1.0, 1.0, 1.0, 1.0, 1.0, 1.0, 1.0, 1.0, 1.0, 1.0, 1.0, 1.0, 1.0, 1.0, 1.0, 1.0, 1.0, 1.0, 1.0, 1.0, 1.0, 1.0, 1.0, 1.0, 1.0, 1.0, 1.0, 1.0, 1.0, 1.0, 1.0, 1.0, 1.0, 1.0, 1.0, 1.0, 1.0, 1.0, 1.0, 1.0, 1.0, 1.0, 1.0, 1.0, 1.0, 1.0, 1.0, 1.0, 1.0, 1.0, 1.0, 1.0, 1.0, 1.0, 1.0, 1.0, 1.0, 1.0, 1.0, 1.0, 1.0, 1.0, 1.0, 1.0, 1.0, 1.0, 1.0, 1.0, 1.0, 1.0, 1.0, 1.0, 1.0, 1.0, 1.0, 1.0, 1.0, 1.0, 1.0, 1.0, 1.0, 1.0, 1.0, 1.0, 1.0, 1.0, 1.0, 1.0, 1.0, 1.0, 1.0, 1.0, 1.0, 1.0, 1.0, 1.0, 1.0, 1.0, 1.0, 1.0, 1.0, 1.0, 1.0, 1.0, 1.0, 1.0, 1.0, 1.0, 1.0, 1.0, 1.0, 1.0, 1.0, 1.0, 1.0, 1.0, 1.0, 1.0, 1.0, 1.0, 1.0, 1.0, 1.0, 1.0, 1.0, 1.0, 1.0, 1.0, 1.0, 1.0, 1.0, 1.0, 1.0, 1.0, 1.0, 1.0, 1.0, 1.0, 1.0, 1.0, 1.0, 1.0, 1.0, 1.0, 1.0, 1.0, 1.0, 1.0, 1.0, 1.0, 1.0, 1.0, 1.0, 1.0, 1.0, 1.0, 1.0, 1.0, 1.0, 1.0, 1.0, 1.0, 1.0, 1.0, 1.0, 1.0, 1.0, 1.0, 1.0, 1.0, 1.0, 1.0, 1.0, 1.0, 1.0, 1.0, 1.0, 1.0, 1.0, 1.0, 1.0, 1.0, 1.0, 1.0, 1.0, 1.0, 1.0, 1.0, 1.0, 1.0, 1.0, 1.0, 1.0, 1.0, 1.0, 1.0, 1.0, 1.0, 1.0, 1.0, 1.0, 1.0, 1.0, 1.0, 1.0, 1.0, 1.0, 1.0, 1.0, 1.0, 1.0, 1.0, 1.0, 1.0, 1.0, 1.0, 1.0, 1.0, 1.0, 1.0, 1.0, 1.0, 1.0, 1.0, 1.0, 1.0, 1.0, 1.0, 1.0, 1.0, 1.0, 1.0, 1.0, 1.0, 1.0, 1.0, 1.0, 1.0, 1.0, 1.0, 1.0, 1.0, 1.0, 1.0, 1.0, 1.0, 1.0, 1.0, 1.0, 1.0, 1.0, 1.0, 1.0, 1.0, 1.0, 1.0, 1.0, 1.0, 1.0, 1.0, 1.0, 1.0, 1.0, 1.0, 1.0, 1.0, 1.0, 1.0]
θ_initial_upper = [0.11432339572008998, 2.5, 0.29580417865615743, 0.3925447846533658, 0.45465685915845505, 0.47862991260650284, 0.5343741462438772, 0.15789491038498696, 0.3051122332232121, 0.49122557759796903, 0.3639632204625862, 0.467466660621516, 0.3250308807177549, 0.4028070171619334, 0.263027569102244, 0.3340373761583556, 0.6375298037106498, 0.5070178144327654, 0.48592188547590986, 0.6055595367531774, 0.1920355143861329, 0.1581151783216713, 0.3877407813915086, 1.0, 1.0, 1.0, 1.0, 1.0, 1.0, 1.0, 1.0, 1.0, 1.0, 1.0, 1.0, 1.0, 1.0, 1.0, 1.0, 1.0, 1.0, 1.0, 1.0, 1.0, 1.0, 1.0, 1.0, 1.0, 1.0, 1.0, 1.0, 1.0, 1.0, 1.0, 1.0, 1.0, 1.0, 1.0, 1.0, 1.0, 1.0, 1.0, 1.0, 1.0, 1.0, 1.0, 1.0, 1.0, 1.0, 1.0, 1.0, 1.0, 1.0, 1.0, 1.0, 1.0, 1.0, 1.0, 1.0, 1.0, 1.0, 1.0, 1.0, 1.0, 1.0, 1.0, 1.0, 1.0, 1.0, 1.0, 1.0, 1.0, 1.0, 1.0, 1.0, 1.0, 1.0, 1.0, 1.0, 1.0, 1.0, 1.0, 1.0, 1.0, 1.0, 1.0, 1.0, 1.0, 1.0, 1.0, 1.0, 1.0, 1.0, 1.0, 1.0, 1.0, 1.0, 1.0, 1.0, 1.0, 1.0, 1.0, 1.0, 1.0, 1.0, 1.0, 1.0, 1.0, 1.0, 1.0, 1.0, 1.0, 1.0, 1.0, 1.0, 1.0, 1.0, 1.0, 1.0, 1.0, 1.0, 1.0, 1.0, 1.0, 1.0, 1.0, 1.0, 1.0, 1.0, 1.0, 1.0, 1.0, 1.0, 1.0, 1.0, 1.0, 1.0, 1.0, 1.0, 1.0, 1.0, 1.0, 1.0, 1.0, 1.0, 1.0, 1.0, 1.0, 1.0, 1.0, 1.0, 1.0, 1.0, 1.0, 1.0, 1.0, 1.0, 1.0, 1.0, 1.0, 1.0, 1.0, 1.0, 1.0, 1.0, 1.0, 1.0, 1.0, 1.0, 1.0, 1.0, 1.0, 1.0, 1.0, 1.0, 1.0, 1.0, 1.0, 1.0, 1.0, 1.0, 1.0, 1.0, 1.0, 1.0, 1.0, 1.0, 1.0, 1.0, 1.0, 1.0, 1.0, 1.0, 1.0, 1.0, 1.0, 1.0, 1.0, 1.0, 1.0, 1.0, 1.0, 1.0, 1.0, 1.0, 1.0, 1.0, 1.0, 1.0, 1.0, 1.0, 1.0, 1.0, 1.0, 1.0, 1.0, 1.0, 1.0, 1.0, 1.0, 1.0, 1.0, 1.0, 1.0, 1.0, 1.0, 1.0, 1.0, 1.0, 1.0, 1.0, 1.0, 1.0, 1.0, 1.0, 1.0, 1.0, 1.0, 1.0, 1.0, 1.0, 1.0, 1.0, 1.0, 1.0, 1.0, 1.0, 1.0, 1.0, 1.0, 1.0, 1.0, 1.0, 1.0, 1.0, 1.0, 1.0, 1.0, 1.0, 1.0, 1.0, 1.0, 1.0, 1.0, 1.0, 1.0, 1.0, 1.0, 1.0, 1.0, 1.0, 1.0, 1.0, 1.0, 1.0, 1.0, 1.0, 1.0, 1.0, 1.0, 1.0, 1.0, 1.0, 1.0, 1.0, 1.0, 1.0, 1.0, 1.0, 1.0, 1.0, 1.0, 1.0, 1.0, 1.0, 1.0, 1.0, 1.0, 1.0, 1.0, 1.0, 1.0, 1.0, 1.0, 1.0, 1.0, 1.0, 1.0, 1.0, 1.0, 1.0, 1.0, 1.0, 1.0, 1.0, 1.0, 1.0, 1.0, 1.0, 1.0, 1.0, 1.0, 1.0, 1.0, 1.0, 1.0, 1.0, 1.0, 1.0, 1.0, 1.0, 1.0, 1.0, 1.0, 1.0, 1.0, 1.0, 1.0, 1.0, 1.0, 1.0, 1.0, 1.0, 1.0, 1.0, 1.0, 1.0, 1.0, 1.0, 1.0, 1.0, 1.0, 1.0, 1.0, 1.0, 1.0, 1.0, 1.0, 1.0, 1.0, 1.0, 1.0, 1.0, 1.0, 1.0, 1.0, 1.0, 1.0, 1.0, 1.0, 1.0, 1.0, 1.0, 1.0, 1.0, 1.0, 1.0, 1.0, 1.0, 1.0, 1.0, 1.0, 1.0, 1.0, 1.0, 1.0, 1.0, 1.0, 1.0, 1.0, 1.0, 1.0, 1.0, 1.0, 1.0, 1.0, 1.0, 1.0, 1.0, 1.0, 1.0, 1.0, 1.0]
θ_initial_lower = [0.11432339572008998, 2.5, 0.29580417865615743, 0.3925447846533658, 0.45465685915845505, 0.47862991260650284, 0.5343741462438772, 0.15789491038498696, 0.3051122332232121, 0.49122557759796903, 0.3639632204625862, 0.467466660621516, 0.3250308807177549, 0.4028070171619334, 0.263027569102244, 0.3340373761583556, 0.6375298037106498, 0.5070178144327654, 0.48592188547590986, 0.6055595367531774, 0.1920355143861329, 0.1581151783216713, 0.3877407813915086, 1.0, 1.0, 1.0, 1.0, 1.0, 1.0, 1.0, 1.0, 1.0, 1.0, 1.0, 1.0, 1.0, 1.0, 1.0, 1.0, 1.0, 1.0, 1.0, 1.0, 1.0, 1.0, 1.0, 1.0, 1.0, 1.0, 1.0, 1.0, 1.0, 1.0, 1.0, 1.0, 1.0, 1.0, 1.0, 1.0, 1.0, 1.0, 1.0, 1.0, 1.0, 1.0, 1.0, 1.0, 1.0, 1.0, 1.0, 1.0, 1.0, 1.0, 1.0, 1.0, 1.0, 1.0, 1.0, 1.0, 1.0, 1.0, 1.0, 1.0, 1.0, 1.0, 1.0, 1.0, 1.0, 1.0, 1.0, 1.0, 1.0, 1.0, 1.0, 1.0, 1.0, 1.0, 1.0, 1.0, 1.0, 1.0, 1.0, 1.0, 1.0, 1.0, 1.0, 1.0, 1.0, 1.0, 1.0, 1.0, 1.0, 1.0, 1.0, 1.0, 1.0, 1.0, 1.0, 1.0, 1.0, 1.0, 1.0, 1.0, 1.0, 1.0, 1.0, 1.0, 1.0, 1.0, 1.0, 1.0, 1.0, 1.0, 1.0, 1.0, 1.0, 1.0, 1.0, 1.0, 1.0, 1.0, 1.0, 1.0, 1.0, 1.0, 1.0, 1.0, 1.0, 1.0, 1.0, 1.0, 1.0, 1.0, 1.0, 1.0, 1.0, 1.0, 1.0, 1.0, 1.0, 1.0, 1.0, 1.0, 1.0, 1.0, 1.0, 1.0, 1.0, 1.0, 1.0, 1.0, 1.0, 1.0, 1.0, 1.0, 1.0, 1.0, 1.0, 1.0, 1.0, 1.0, 1.0, 1.0, 1.0, 1.0, 1.0, 1.0, 1.0, 1.0, 1.0, 1.0, 1.0, 1.0, 1.0, 1.0, 1.0, 1.0, 1.0, 1.0, 1.0, 1.0, 1.0, 1.0, 1.0, 1.0, 1.0, 1.0, 1.0, 1.0, 1.0, 1.0, 1.0, 1.0, 1.0, 1.0, 1.0, 1.0, 1.0, 1.0, 1.0, 1.0, 1.0, 1.0, 1.0, 1.0, 1.0, 1.0, 1.0, 1.0, 1.0, 1.0, 1.0, 1.0, 1.0, 1.0, 1.0, 1.0, 1.0, 1.0, 1.0, 1.0, 1.0, 1.0, 1.0, 1.0, 1.0, 1.0, 1.0, 1.0, 1.0, 1.0, 1.0, 1.0, 1.0, 1.0, 1.0, 1.0, 1.0, 1.0, 1.0, 1.0, 1.0, 1.0, 1.0, 1.0, 1.0, 1.0, 1.0, 1.0, 1.0, 1.0, 1.0, 1.0, 1.0, 1.0, 1.0, 1.0, 1.0, 1.0, 1.0, 1.0, 1.0, 1.0, 1.0, 1.0, 1.0, 1.0, 1.0, 1.0, 1.0, 1.0, 1.0, 1.0, 1.0, 1.0, 1.0, 1.0, 1.0, 1.0, 1.0, 1.0, 1.0, 1.0, 1.0, 1.0, 1.0, 1.0, 1.0, 1.0, 1.0, 1.0, 1.0, 1.0, 1.0, 1.0, 1.0, 1.0, 1.0, 1.0, 1.0, 1.0, 1.0, 1.0, 1.0, 1.0, 1.0, 1.0, 1.0, 1.0, 1.0, 1.0, 1.0, 1.0, 1.0, 1.0, 1.0, 1.0, 1.0, 1.0, 1.0, 1.0, 1.0, 1.0, 1.0, 1.0, 1.0, 1.0, 1.0, 1.0, 1.0, 1.0, 1.0, 1.0, 1.0, 1.0, 1.0, 1.0, 1.0, 1.0, 1.0, 1.0, 1.0, 1.0, 1.0, 1.0, 1.0, 1.0, 1.0, 1.0, 1.0, 1.0, 1.0, 1.0, 1.0, 1.0, 1.0, 1.0, 1.0, 1.0, 1.0, 1.0, 1.0, 1.0, 1.0, 1.0, 1.0, 1.0, 1.0, 1.0, 1.0, 1.0, 1.0, 1.0, 1.0, 1.0, 1.0, 1.0, 1.0, 1.0, 1.0, 1.0, 1.0, 1.0, 1.0, 1.0, 1.0, 1.0, 1.0, 1.0, 1.0, 1.0, 1.0, 1.0, 1.0, 1.0, 1.0, 1.0, 1.0, 1.0, 1.0, 1.0, 1.0, 1.0]
numMoments = 402
numMomentInnerSimple = 401
inequality_index = Int64[]
PMM = [0.00025575684614267524 3.376753348861611e-5 -2.7018778997029054e-5 4.6338582311178344e-5 4.438710337650842e-5 5.3039363668080986e-5 8.738468301302223e-5 -6.5294037288235884e-6 9.797385025523718e-5 -4.4999778811331514e-5 -1.9465735047850648e-5 5.239988299629919e-5 -4.3893843759057084e-5 0.00010880608876525972 6.475973533341198e-5 -2.7916897567913018e-5 6.01255560923093e-5 6.132687023048267e-5 4.1631412905570055e-5 0.00010739930580642572 -3.8289156481471685e-6 0.0008707575157960161 1.3620065178859927e-5 0.00011055453882193995 0.0005793726234856125 3.469503236795732e-5 0.00026752010856243886 0.0005757283927933894 0.00010462967923654137 1.6542936823289386e-5 5.900239102579854e-5 0.00015732804306879173 -4.435451627742584e-6 3.092593895098036e-5 7.325138930767638e-5 -9.929644962072306e-5 0.00036671545897982354 5.95767456475397e-5 -3.693473240352e-5 0.00031314668100444764 -1.8306225975494834e-5 -5.211723092674935e-5 0.0005724899353422413 -4.4294080195812933e-7 -8.848757166959931e-5 -4.61680400540571e-5 2.8878212462281807e-5 -2.3414213824883987e-5 3.126565673461923e-5 7.904647384050695e-6 -2.321385528053842e-5 5.690554939720693e-5 5.5037954825601575e-5 -2.784961906058112e-5 -3.099444297883267e-5 -0.00015141760335643647 -5.826629934223627e-5 -9.228847117572072e-6 3.9242849604509725e-6 -0.0001992683860228481 -2.0450624488023744e-5 -0.00021729899582061699 -0.00010904615030893678 -0.0009248643915445112 -3.9631427128278134e-5 -7.699785142170058e-5 -0.00019297174493706053 -8.707771640847527e-5 -0.00012790185139698333 -6.604513359839044e-5 -6.348829900622085e-5 -0.0001442674898211123 -5.4537014971039975e-5 -0.00010603522204130368 -0.00011580831581684002 -0.00011671267251732166 -0.00014975604024964766 -0.00014699870061987976 -0.00021296429561342827 -6.506047968535803e-5 1.6788504688658716e-5 0.00011296501220495103 0.0001370507376879763 3.9544506411399874e-5 7.267257883245904e-5 9.592045133262277e-5 1.1901076221613245e-5 -0.00010396207037312277 0.00011401399521951366 4.47907273565988e-5 3.812048697925161e-5 -2.006300404336919e-5 1.6993106907696137e-5 4.244999043595888e-5 5.1999468956989325e-5 -4.77020985458158e-5 0.0002512401688923543 -8.27453240021887e-6 0.00018934037940905842 3.5041517201344305e-5 -0.00016560880080226335 -0.0005953767525244177 0.00039761425384725535 -0.000228302712522834 0.00011767153104962194 -0.0006860258719728466 -0.00016858581270469956 -0.00039417233523920893 -8.157442116033778e-5 -0.0002730406445067729 -0.00016150304685074213 0.00016186744846431793 4.3692064851365815e-5 -0.00029870601595148556 -0.0002699255525236066 -0.0002357323957654985 -0.0009289004175720021 -0.0005223034328237586 -0.000363273142875493 -0.0006407138200390534 3.5576987481140064e-5 0.00035319346069110133 -5.0506503724948716e-5 9.995362645825262e-6 0.0005926676673608503 5.018066716539718e-6 0.0010479300687591371 1.4841523611058172e-7 0.00024092231159622904 4.4716771392079495e-5 0.00018444118420570118 -7.552627680533951e-5 3.0055205348682312e-5 4.486338170836657e-5 -7.006807728319511e-5 -0.0003665031019635812 0.0005922057301386591 0.00036498869499282534 0.0002013610421420224 0.00016925874805842752 1.0736272892233774e-5 0.0006110732491737419 5.1554428401190615e-5 6.202161154422357e-5 4.385746949204458e-5 4.337999416258138e-6 0.00016299901266218696 0.0015940809772210908 -8.54823492335017e-5 6.465602758910176e-5 3.270058026138879e-5 0.00022513997767159016 4.639223642519351e-5 9.136868622289266e-6 -0.0001799437207999901 -2.291636383692646e-5 -0.00011788553298842527 0.00011431376426082263 -4.0068078318869384e-7 6.106155443722274e-5 -4.3605914991636136e-5 -0.00011605450722842895 -0.00017611368398803368 -3.9798479560187385e-5 3.58304225303195e-5 -2.380953969586632e-5 -0.0003647724697293319 -0.0003153192687338218 -0.0005986924549275777 -3.294670098406356e-5 -3.9497653044036414e-5 -0.00032108323729365397 -4.228630472545641e-5 8.133618477571229e-5 2.8242312876828607e-5 1.376994375243104e-5 6.647017438337992e-5 -0.00015627587050498327 -0.00013997851291910253 0.00015626087868263492 -5.1742057418253644e-5 1.1747294119064283e-5 -8.320004775640516e-5 -6.212634397253438e-5 -2.6250790396233138e-5 -6.634314057938911e-5 -1.0378872436251286e-6 -5.3825307347623996e-5 -1.4462531533589785e-5 0.0007336417005852448 -3.9791113917530295e-5 -6.122707146817228e-5 -6.0511597043467214e-5 -8.322328629794333e-5 -0.00011044406112722276 4.3219095769149203e-5 -6.506708871730152e-5 -8.666339264712902e-5 -1.7394972103615442e-5 3.5265010581328404e-6 -1.298623543956017e-5 -0.00017022355213092534 -0.00021567183537886197 -4.1699565456362325e-5 -5.786520552962359e-5 -2.355860027870231e-5 -0.00016056429042141847 -5.093184337760131e-5 -1.3906145615334608e-5 -9.950377060361956e-5 0.00038764701023006834 3.551460656270322e-7 2.5890461541901328e-5 -0.00010279800706531196 5.77970047441746e-5 -0.00014457088450165346 4.069940229158024e-5 -0.00015866147712238445 -0.0001418020637178608 -0.00012249601062150624 -4.184867537768967e-5 -0.00032594103726316066 -0.00017291078534603297 -3.517476022398471e-5 -0.00045476547650554773 3.5666393045518624e-5 -0.00037788415154647404 -0.0003265334298679381 -0.0002935984958639897 -5.9111500144721865e-5 1.8706400109560318e-5 0.0008024036715124231 -0.00010367909126217944 5.683104371463153e-5 -0.00010295424163134314 -0.00015554977756545096 -0.00018089259464213308 -0.0002530766704305384 9.733479480437388e-6 -0.0002650789330830476 -9.740990552759743e-5 -0.0003529792231095767 -0.00021035130035683387 -8.79385097252056e-5 -0.00015587791947273066 -0.00019559421961896966 -0.0003006339077845241 -0.00016237349945183595 -0.00011724077035437057 -0.00037486127124205636 -8.387178414409323e-5 -0.00023254069029579998 -0.0008120957502801639 -0.0004993904243045032 -0.0005982798469279642 -0.0003615692389631674 -0.0002546554939402433 -0.0002589978896377945 -0.00034046280665635676 -0.00025119431518367906 2.1560442684379134e-5 -6.976615481469308e-5 -0.00010284127045792777 0.00011064200113086275 -3.0087368149688637e-5 0.00018706220021917275 -2.5434854355869482e-5 0.0001278695151827818 4.150290958111782e-6 8.228625587507128e-5 -8.999883488447713e-5 5.610439126487825e-5 0.00015261280921284451 0.00041736867940948504 -3.325577325540209e-5 -9.310633635838945e-5 -1.4055981509881476e-6 0.00019836759455941873 5.061978998000947e-5 5.088463045891318e-5 -1.7528120252134533e-5 -5.456751612877355e-5 -0.00023223142318175362 -0.000300826579912012 -0.00010985370471914443 -5.4311027905525935e-5 -6.6082575520287535e-6 -0.00016034591105311733 -2.6443891761025996e-5 -2.6090526816835877e-7 -4.35055895174369e-5 -6.759658492998327e-5 -5.3066699618875416e-5 -3.7526590241115464e-5 -0.00015695732738149132 -6.836013104937094e-5 -4.22773730395296e-5 -7.63914544536583e-5 -0.00038619148601315385 -3.977263463344417e-5 -3.3516212945841986e-5 -0.000198537201517539 -0.0002692909737416634 -9.401925140608842e-6 -0.000303627274349389 -3.275390323477055e-5 -0.000418576250934823 -0.00018696591938745008 -0.0003997776997677834 -4.35240243887375e-5 -1.44283560954082e-5 -0.0002714765860166973 -3.5703478229390726e-5 -3.2016410431677725e-5 8.72476430636107e-6 0.0012656367434934074 -7.014328886039151e-5 -7.036657951693522e-5 -3.419255789203639e-5 2.7269801484317878e-5 -6.9797389619185315e-6 -0.00018534593451170612 -0.00011138015767989316 -6.202722505127673e-5 -7.361909987060953e-5 -0.00011308249455238234 -3.3639142182098734e-6 -0.0001511051993194286 -2.262971390878199e-6 -5.54283218555167e-5 -7.402135858839238e-5 -0.00019378130971142512 -9.314003998721622e-5 -0.00011526026998973538 -9.128428055157546e-5 -0.00023839821128726534 0.00024765729305790306 -0.00022766719217246644 -9.765171793619524e-5 -7.060034863779677e-5 -1.073903473087067e-5 -0.00019360838311273984 -8.266139115790787e-6 -4.601797013146331e-5 2.625101052696712e-5 -2.409326061495294e-5 -7.720621838360237e-5 -0.0001942487471146864 4.553184452705352e-5 -2.8187673004511478e-5 -1.6721269871359243e-5 -0.00013730124007533843 -1.4567948803115606e-6 -4.098876453751673e-5 -6.68009130500866e-5 4.630228222975109e-5 -7.23255524608151e-5 0.0016805205831820695 -3.849890003986913e-5 0.00015001863592832435 1.0805099525936411e-5 0.0006732090232126248 0.000253667158444103 0.0011439460174725378 5.355097525531196e-5 6.163020708131139e-5 0.00037368319872684095 0.00015138830716198616 0.0003884819510712343 2.63705317355158e-5 1.2901162855406163e-5 -0.0002061950930529993 0.00021334478278483914 0.0001739317583263232 0.0005922510520573369 0.00016375302601325076 0.00031743084782698765 0.00036474502608427204 0.0017079854167234827 0.0007036692617247925 7.094078269086435e-6 0.0005591812982725108 6.319536642778484e-5 0.0003842855879706583 -5.517165074281998e-5 7.316341214912439e-5 0.000167025322702717 9.248904249309107e-5 0.00032571761459923847 0.0001121677621908892 0.00029398987052286417 0.00013668082451064265 0.00024810156649845934 0.00043232700297799533 0.0009429071666160502 9.505442390329443e-5 -0.0001469465450102234 -0.00023987431761627703 0.0001390766454157024 -0.000431375625157111 0.0007218142187092305 -3.8630123405658523e-16]
moments_with_var = [1, 2, 3, 4, 5, 6, 7, 8, 9, 10, 11, 12, 13, 14, 15, 16, 17, 18, 19, 20, 21, 22, 23, 24, 25, 26, 27, 28, 29, 30, 31, 32, 33, 34, 35, 36, 37, 38, 39, 40, 41, 42, 43, 44, 45, 46, 47, 48, 49, 50, 51, 52, 53, 54, 55, 56, 57, 58, 59, 60, 61, 62, 63, 64, 65, 66, 67, 68, 69, 70, 71, 72, 73, 74, 75, 76, 77, 78, 79, 80, 81, 82, 83, 84, 85, 86, 87, 88, 89, 90, 91, 92, 93, 94, 95, 96, 97, 98, 99, 100, 101, 102, 103, 104, 105, 106, 107, 108, 109, 110, 111, 112, 113, 114, 115, 116, 117, 118, 119, 120, 121, 122, 123, 124, 125, 126, 127, 128, 129, 130, 131, 132, 133, 134, 135, 136, 137, 138, 139, 140, 141, 142, 143, 144, 145, 146, 147, 148, 149, 150, 151, 152, 153, 154, 155, 156, 157, 158, 159, 160, 161, 162, 163, 164, 165, 166, 167, 168, 169, 170, 171, 172, 173, 174, 175, 176, 177, 178, 179, 180, 181, 182, 183, 184, 185, 186, 187, 188, 189, 190, 191, 192, 193, 194, 195, 196, 197, 198, 199, 200, 201, 202, 203, 204, 205, 206, 207, 208, 209, 210, 211, 212, 213, 214, 215, 216, 217, 218, 219, 220, 221, 222, 223, 224, 225, 226, 227, 228, 229, 230, 231, 232, 233, 234, 235, 236, 237, 238, 239, 240, 241, 242, 243, 244, 245, 246, 247, 248, 249, 250, 251, 252, 253, 254, 255, 256, 257, 258, 259, 260, 261, 262, 263, 264, 265, 266, 267, 268, 269, 270, 271, 272, 273, 274, 275, 276, 277, 278, 279, 280, 281, 282, 283, 284, 285, 286, 287, 288, 289, 290, 291, 292, 293, 294, 295, 296, 297, 298, 299, 300, 301, 302, 303, 304, 305, 306, 307, 308, 309, 310, 311, 312, 313, 314, 315, 316, 317, 318, 319, 320, 321, 322, 323, 324, 325, 326, 327, 328, 329, 330, 331, 332, 333, 334, 335, 336, 337, 338, 339, 340, 341, 342, 343, 344, 345, 346, 347, 348, 349, 350, 351, 352, 353, 354, 355, 356, 357, 358, 359, 360, 361, 362, 363, 364, 365, 366, 367, 368, 369, 370, 371, 372, 373, 374, 375, 376, 377, 378, 379, 380, 381, 382, 383, 384, 385, 386, 387, 388, 389, 390, 391, 392, 393, 394, 395, 396, 397, 398, 399, 400, 401]
moments_without_var = Int64[]
δ_star_initial = -0.00026237076791181573
val = 0.00026237076791181573
δ_star_initial_low = -0.00026237076791181573
val = 0.00026237076791181573
δ_star_initial_up = -0.00026237076791181573
δ_star_initial = -0.00026237076791181573
δ_grid = [1]
δ_grid_filtered = [1]
  build wall: 187.02s
  Julia live heap after build+gc: 8.486 GB
Evaluating at natural theta (cold)...
  eval wall: 73.49s
  inner_status=0  Delta_dual=0.00026237076791181784  gravity_raw=-3.3837949803272613e-16
  Julia live heap after eval+gc: 8.483 GB
DONE
